0.000000 -0.000104429 -0.000025950 0.000048036 1.000000000 0.000015342 0.000093465 -0.000005855
23.999677 0.007193000 -0.007988486 -0.310654610 0.999659359 -0.001081322 0.025869902 -0.003296532
24.797912 0.019742528 -0.017567903 -0.683016896 0.999491870 -0.001162150 0.031231778 -0.006251923
25.598079 0.048098382 -0.028443227 -1.063967705 0.999409914 -0.000774072 0.033811569 -0.005989891
26.398948 0.063657060 -0.035359707 -1.425903916 0.999373019 0.000648943 0.035192296 -0.003827808
27.198971 0.076430567 -0.023153890 -1.783574343 0.999341786 0.000420487 0.036263727 -0.000909011
27.997686 0.088299826 -0.014550011 -2.156417131 0.999324441 -0.001027361 0.036693797 -0.001793392
28.798638 0.105568878 -0.018197583 -2.537218809 0.999313235 -0.002975355 0.036780864 -0.003378134
29.598246 0.119916245 -0.012601755 -2.914472818 0.999308169 0.001087337 0.036586195 -0.006600007
30.398789 0.147173941 -0.021382751 -3.284655333 0.999370217 -0.001020486 0.035110060 -0.005042515
31.197933 0.165623918 -0.030158740 -3.663811207 0.999455214 -0.002635353 0.032764375 -0.002979602
31.998655 0.174520910 -0.017910393 -4.034232616 0.999478996 -0.003570226 0.031994388 -0.002290575
32.800145 0.188527614 -0.017170796 -4.405109406 0.999540150 -0.003129004 0.030157475 -0.000157717
33.598682 0.208635762 -0.021430381 -4.780037403 0.999622583 -0.002931909 0.027314607 -0.000125157
34.398533 0.214981765 -0.029437048 -5.150743484 0.999676228 -0.003638940 0.024723951 0.004781344
35.198365 0.227275565 -0.025063310 -5.518259525 0.999731958 -0.003434566 0.022491658 0.004279984
35.998731 0.231884107 -0.024012085 -5.888161659 0.999793231 -0.002945547 0.019439790 0.005187740
40.400175 0.170627594 -0.024104193 -6.184499741 0.807819068 -0.004051237 -0.589410245 -0.002760625
41.199352 -0.190632567 -0.018388219 -6.292598248 0.802013516 -0.000660517 -0.597305119 0.000716170
41.997925 -0.548493803 -0.040590968 -6.392517090 0.797666013 -0.002251649 -0.603095233 -0.000081583
42.798453 -0.918823898 -0.049446099 -6.486908436 0.793496788 -0.003974156 -0.608558476 -0.001951560
45.200165 -1.382348657 -0.037875101 -6.561157703 0.727637172 -0.000915061 -0.685961545 -0.000435762
45.999879 -1.755249739 -0.038494591 -6.573390961 0.723577917 -0.001573156 -0.690239668 -0.001268501
46.799101 -2.112843513 -0.038967248 -6.583138466 0.719880044 -0.001073940 -0.694097221 -0.000733684
47.597635 -2.495099068 -0.038352650 -6.585129738 0.715603352 -0.002963991 -0.698495090 -0.002768425
48.397783 -2.868971348 -0.039792214 -6.586321354 0.711813271 -0.002118222 -0.702362716 -0.002030140
53.198409 -3.065947056 -0.039150298 -6.211705208 0.109482840 0.001241982 -0.993969500 -0.006054414
53.997613 -3.144925356 -0.037439592 -5.850204945 0.101771541 0.001397898 -0.994805515 -0.001627933
54.796342 -3.213399410 -0.030509524 -5.481908798 0.094806053 0.001870920 -0.995488882 -0.003181668
55.596486 -3.270401716 -0.028828990 -5.108860016 0.088268645 0.000592102 -0.996086538 -0.004476957
56.397265 -3.330275536 -0.036375161 -4.739769936 0.082401350 0.002338956 -0.996586859 -0.004373148
57.197240 -3.380370140 -0.032999262 -4.370238304 0.078327969 0.003654470 -0.996900976 -0.006312766
57.996471 -3.426097155 -0.032133128 -4.008782387 0.073900372 0.005486280 -0.997244537 -0.003461456
58.796558 -3.473813057 -0.026050402 -3.631671667 0.069037445 0.005430561 -0.997591853 -0.003857100
59.596883 -3.507007360 -0.023847722 -3.246145010 0.065155491 0.003374855 -0.997864127 -0.003245642
60.397819 -3.549478054 -0.023634648 -2.880504847 0.061320283 0.005795826 -0.998091996 -0.004298598
64.399068 -3.419608116 -0.042250507 -2.461728096 0.359999150 -0.006722798 0.932886302 0.008869261
65.197712 -3.153934479 -0.036998678 -2.189004898 0.367390156 -0.006812282 0.929989100 0.009923799
65.997043 -2.889703274 -0.032826275 -1.916469932 0.372894138 -0.005691109 0.927809656 0.009326442
66.796875 -2.626251221 -0.031443149 -1.654398322 0.377665251 -0.006415811 0.925854206 0.011035131
67.597160 -2.358112574 -0.023581302 -1.393708348 0.383190066 -0.006431767 0.923596561 0.009668637
68.397432 -2.088314533 -0.030386275 -1.142055511 0.387669832 -0.006825436 0.921699584 0.011628163
69.197931 -1.808111787 -0.035661723 -0.883170247 0.392103910 -0.005765199 0.919833601 0.011289833
69.998113 -1.533492923 -0.033053249 -0.622136950 0.396050781 -0.003553213 0.918177426 0.009014487
70.797172 -1.262714148 -0.034790378 -0.380364329 0.402876616 -0.000032198 0.915230930 0.006554530
73.598230 -0.833203495 -0.026946064 -0.240534976 0.612471819 -0.006798041 0.790424705 0.007800356
74.397187 -0.469327927 -0.023135468 -0.151707083 0.617690980 -0.004871452 0.786382258 0.006083454
75.197536 -0.103244461 -0.014414142 -0.070310295 0.622278333 -0.002575245 0.782782316 0.003876887
79.596482 0.112034746 -0.005829681 -0.361453205 0.984773695 -0.004426746 0.173607066 -0.007860740
81.198352 0.163434461 -0.022206349 -0.663740158 0.999824107 -0.003770018 0.016611492 -0.007842026
81.997691 0.159388065 -0.012412571 -1.030672908 0.999917030 -0.002682464 0.010252662 -0.007322841
82.796153 0.169197932 -0.012344475 -1.403955817 0.999978602 -0.000460741 0.004155996 -0.005025931
83.597269 0.162933916 -0.019887792 -1.769585252 0.999996424 0.001553158 -0.001958896 -0.000969401
84.397821 0.150346979 -0.014171775 -2.138436556 0.999973774 -0.000299920 -0.007231547 0.000177715
85.197688 0.130342439 -0.013309265 -2.523367167 0.999914527 -0.002807029 -0.012172233 -0.003865121
85.997394 0.107345462 -0.009184741 -2.902455807 0.999851406 -0.002829727 -0.016174186 -0.005244570
86.796666 0.090802871 -0.009625253 -3.278000593 0.999768972 -0.003244998 -0.020684676 -0.004858865
87.597337 0.064106345 -0.010309117 -3.650028467 0.999671102 -0.004232298 -0.025057953 -0.003446769
88.395427 0.038063943 -0.006625729 -4.020454407 0.999574423 -0.003623922 -0.028861580 -0.002179177
89.196397 0.004851459 -0.004749657 -4.384075165 0.999455690 -0.005632305 -0.032419343 -0.002342465
89.996659 -0.031124469 -0.001749597 -4.758731365 0.999331713 -0.005458605 -0.036101643 -0.001731817
90.797367 -0.068496987 0.005278382 -5.129884720 0.999200940 -0.005230619 -0.039621275 0.000466237
91.596116 -0.111788094 -0.001899180 -5.499052525 0.999026418 -0.007020377 -0.043516040 0.001788325
92.396228 -0.146202862 -0.011339339 -5.873208046 0.998878896 -0.004510032 -0.046980713 0.003645201
93.196442 -0.194462821 -0.010108948 -6.242797375 0.998685241 -0.002288705 -0.051127661 0.002914110
97.598178 -0.646066904 -0.010099895 -6.383379936 0.765494764 -0.002275161 -0.643437684 -0.000704797
98.399833 -1.016842484 -0.004059969 -6.440960407 0.760447145 -0.002256886 -0.649395049 -0.001089151
99.197137 -1.388929605 -0.007327228 -6.489917755 0.756662726 -0.001568241 -0.653803408 -0.000347769
99.997494 -1.757617593 -0.012810440 -6.536473274 0.752643287 -0.001307126 -0.658427060 -0.000365027
100.796944 -2.124925613 -0.016849291 -6.574320793 0.749030530 -0.000245252 -0.662534952 0.000825600
101.595841 -2.496875525 -0.024308907 -6.611876488 0.745885849 -0.001494448 -0.666071773 -0.000608092
106.796772 -2.734346867 -0.029190185 -6.324567795 0.050195061 0.001330719 -0.998701811 -0.008568394
107.595684 -2.758082390 -0.017673627 -5.945331097 0.043181282 0.002364107 -0.999014974 -0.009941857
108.396230 -2.786930084 -0.017935600 -5.576655388 0.036321066 0.002118645 -0.999309480 -0.007532488
109.195198 -2.807369709 -0.023754856 -5.199594498 0.031062577 0.001335130 -0.999475837 -0.009020791
109.995890 -2.824170828 -0.023702493 -4.830296516 0.026090259 0.001890920 -0.999635577 -0.006666854
110.796337 -2.841322422 -0.030118274 -4.461052895 0.020865828 0.002915708 -0.999765694 -0.004959875
111.596220 -2.845319033 -0.021468427 -4.086980343 0.015367636 0.004740217 -0.999860466 -0.004518274
112.394801 -2.843124390 -0.013779695 -3.703508615 0.010478362 0.004068155 -0.999926984 -0.004431415
113.195570 -2.841677904 -0.027171547 -3.319580793 0.005977663 0.000734709 -0.999956787 -0.007084795
113.995685 -2.839840651 -0.026070677 -2.954564333 0.000655361 0.003469038 -0.999976993 -0.005800833
114.795969 -2.828220606 -0.022871792 -2.581996441 0.003375960 -0.006126448 0.999958932 0.005759022
115.595008 -2.814232826 -0.024626926 -2.210634470 0.006941331 -0.005386250 0.999929547 0.007983601
118.796508 -2.903424978 -0.022260284 -1.916658044 0.527092457 -0.006236399 0.849730253 0.009651409
120.396837 -2.454971790 -0.022885485 -1.743094325 0.544740260 -0.007766298 0.838507175 0.010170295
121.196082 -2.106198788 -0.026218846 -1.600018382 0.549662292 -0.007878064 0.835277915 0.010966186
121.994801 -1.755912066 -0.023226464 -1.459908009 0.554770589 -0.006405513 0.831928670 0.009129120
122.795050 -1.409856439 -0.016920546 -1.324067831 0.559627950 -0.005499802 0.828682721 0.008431998
123.595636 -1.054337859 -0.014154164 -1.188699841 0.564198613 -0.002475670 0.825613260 0.006045984
124.395428 -0.706146777 -0.010700212 -1.070168138 0.568764627 -0.005474193 0.822440088 0.008315272
125.195186 -0.348663807 -0.020675745 -0.945599377 0.572109103 -0.007474116 0.820075512 0.010550307
128.794771 -0.066672519 -0.013810942 -0.784510016 0.938662708 -0.003099050 0.344790131 -0.004744913
131.595986 0.027425768 -0.014513196 -1.076455593 0.997708678 -0.001171987 0.067368105 -0.006135342
132.394983 0.069035195 -0.006953071 -1.443582654 0.998106182 0.000614729 0.061270814 -0.005425853
133.194601 0.104197949 -0.003961317 -1.807750106 0.998437285 0.000705625 0.055866066 -0.001224203
133.995147 0.133593112 -0.001278178 -2.181062222 0.998655140 0.000108620 0.051841445 0.000616848
134.794685 0.164095625 -0.008834474 -2.564333916 0.998881280 -0.002241444 0.047123428 -0.003243437
135.595006 0.188375384 0.002542952 -2.936275005 0.999046803 -0.001871702 0.043323055 -0.004999214
136.395468 0.215095013 -0.003837907 -3.316277742 0.999255061 -0.001381210 0.038102124 -0.005964883
137.194869 0.230784610 0.003294249 -3.683900833 0.999422610 -0.002764444 0.033788860 -0.002281755
137.994663 0.249833882 0.003914120 -4.058301449 0.999564052 -0.003248344 0.029253889 -0.002321355
138.792700 0.230091810 0.002987662 -4.406497955 0.986239135 -0.003514324 -0.165284127 -0.001104502
139.592249 0.084481344 0.007511799 -4.761461735 0.925948560 -0.002811496 -0.377633959 -0.001991475
140.394346 -0.189823925 0.020482635 -5.019652367 0.816936791 -0.000442569 -0.576726317 0.000968382
141.196764 -0.512809932 0.013449157 -5.104478359 0.709543288 -0.002293165 -0.704654515 -0.002279386
142.393916 -0.824763060 0.014220981 -5.063185692 0.541904211 0.004616131 -0.840426564 0.001329018
143.193766 -1.169552445 0.004364840 -4.871408939 0.340699494 0.007132167 -0.940144598 -0.001062028
143.994519 -1.375602961 -0.009088282 -4.565967083 0.123884872 0.005043715 -0.992263138 -0.006389705
144.794813 -1.408955455 -0.013845697 -4.184335232 0.106825672 -0.003899743 0.994238675 0.007903602
145.996582 -1.280770540 -0.005538834 -3.805372238 0.198873147 -0.002652509 0.979982316 0.008784000
146.794762 -1.132388353 -0.004877934 -3.473212957 0.201729625 -0.004105467 0.979392827 0.008835102
147.594239 -0.978380859 -0.010053173 -3.136965275 0.205623642 -0.005214104 0.978578150 0.008747743
148.394865 -0.822512627 -0.009129464 -2.799511194 0.209503993 -0.006742035 0.977751851 0.007987797
149.193817 -0.661733985 -0.010795499 -2.459081173 0.212939531 -0.005267927 0.977009714 0.008998738
149.993956 -0.497653186 -0.011376733 -2.120420218 0.216862410 -0.004033864 0.976165831 0.007388223
150.794615 -0.331359029 -0.005589791 -1.783764243 0.220727190 -0.003820209 0.975291193 0.008487700
151.594367 -0.160758615 -0.007053144 -1.456753135 0.224214882 -0.007331999 0.974449456 0.011054372
152.393474 0.006535547 -0.001460102 -1.129944563 0.227467865 -0.008405045 0.973680317 0.011590018
153.193715 0.181924090 -0.012118195 -0.798358083 0.230970293 -0.010609467 0.972841561 0.010928594
